{
 "cells": [
  {
   "cell_type": "code",
   "execution_count": 7,
   "metadata": {},
   "outputs": [],
   "source": [
    "import sys, os\n",
    "import pandas as pd\n",
    "import numpy as np\n",
    "sys.path.append('../py_bmtmkl')\n",
    "from BMTMKL import BayesianMultitaskMultipleKernelLearning"
   ]
  },
  {
   "cell_type": "code",
   "execution_count": 15,
   "metadata": {},
   "outputs": [
    {
     "data": {
      "text/plain": [
       "[0.0278037947401104,\n",
       " 0.566668828945177,\n",
       " -1.01419299280383,\n",
       " 0.33316432703806603,\n",
       " -0.9405264420433008,\n",
       " 1.90717476216784,\n",
       " -1.1734286736756698,\n",
       " -0.7920127018815671,\n",
       " 2.03210401600132,\n",
       " 1.1223641470574799,\n",
       " 0.8939342161239301,\n",
       " -0.7542260948225309,\n",
       " 1.13852185300101,\n",
       " -1.21158750035925,\n",
       " -0.29333121903277504,\n",
       " 1.05149458694176,\n",
       " 0.307718128421116,\n",
       " -0.0488515570376384,\n",
       " 1.7265483863840698,\n",
       " -0.491627189935121,\n",
       " -0.264948317588314,\n",
       " -0.418631717629893,\n",
       " 0.587862787625303,\n",
       " 1.28437715794,\n",
       " 0.9846923892348309,\n",
       " -0.0247240619047102,\n",
       " -1.6635073339306203]"
      ]
     },
     "execution_count": 15,
     "metadata": {},
     "output_type": "execute_result"
    }
   ],
   "source": [
    "list(pd.read_table('../test/py_bmtmkl/test_data/r_a_mu_train.tsv', header=None, index_col=0)[1])"
   ]
  },
  {
   "cell_type": "code",
   "execution_count": 17,
   "metadata": {},
   "outputs": [
    {
     "data": {
      "text/plain": [
       "[0.9728790620894531,\n",
       " -0.86738410736935,\n",
       " 1.4825610279903898,\n",
       " 1.4362089996024299,\n",
       " 0.492292319717775,\n",
       " -1.27581518346665,\n",
       " 0.20831219562502698,\n",
       " -0.676439488446443,\n",
       " -1.67527577499425,\n",
       " 0.45429782327539703,\n",
       " 0.7492566528734781,\n",
       " 0.8737729196785909,\n",
       " 2.05965448301597,\n",
       " -0.9572914196379649,\n",
       " -0.284988141185763,\n",
       " 0.175729911876145,\n",
       " 0.6870426400406049,\n",
       " 0.550626587170598,\n",
       " -1.44917949360365,\n",
       " -0.37994137726758503,\n",
       " 0.806322025570962,\n",
       " 0.0354266141786523,\n",
       " -2.66597569165267,\n",
       " 0.0930073375579594,\n",
       " 1.03946478083435,\n",
       " -1.02435976246902,\n",
       " -1.98056337631684]"
      ]
     },
     "execution_count": 17,
     "metadata": {},
     "output_type": "execute_result"
    }
   ],
   "source": [
    "list(pd.read_table('../test/py_bmtmkl/test_data/r_G_mu_train.tsv', header=None, index_col=0).T[1])"
   ]
  },
  {
   "cell_type": "code",
   "execution_count": 6,
   "metadata": {},
   "outputs": [
    {
     "data": {
      "text/html": [
       "<div>\n",
       "<style scoped>\n",
       "    .dataframe tbody tr th:only-of-type {\n",
       "        vertical-align: middle;\n",
       "    }\n",
       "\n",
       "    .dataframe tbody tr th {\n",
       "        vertical-align: top;\n",
       "    }\n",
       "\n",
       "    .dataframe thead th {\n",
       "        text-align: right;\n",
       "    }\n",
       "</style>\n",
       "<table border=\"1\" class=\"dataframe\">\n",
       "  <thead>\n",
       "    <tr style=\"text-align: right;\">\n",
       "      <th></th>\n",
       "      <th>1</th>\n",
       "      <th>2</th>\n",
       "      <th>3</th>\n",
       "      <th>4</th>\n",
       "      <th>5</th>\n",
       "      <th>6</th>\n",
       "      <th>7</th>\n",
       "      <th>8</th>\n",
       "      <th>9</th>\n",
       "      <th>10</th>\n",
       "      <th>...</th>\n",
       "      <th>18</th>\n",
       "      <th>19</th>\n",
       "      <th>20</th>\n",
       "      <th>21</th>\n",
       "      <th>22</th>\n",
       "      <th>23</th>\n",
       "      <th>24</th>\n",
       "      <th>25</th>\n",
       "      <th>26</th>\n",
       "      <th>27</th>\n",
       "    </tr>\n",
       "    <tr>\n",
       "      <th>0</th>\n",
       "      <th></th>\n",
       "      <th></th>\n",
       "      <th></th>\n",
       "      <th></th>\n",
       "      <th></th>\n",
       "      <th></th>\n",
       "      <th></th>\n",
       "      <th></th>\n",
       "      <th></th>\n",
       "      <th></th>\n",
       "      <th></th>\n",
       "      <th></th>\n",
       "      <th></th>\n",
       "      <th></th>\n",
       "      <th></th>\n",
       "      <th></th>\n",
       "      <th></th>\n",
       "      <th></th>\n",
       "      <th></th>\n",
       "      <th></th>\n",
       "      <th></th>\n",
       "    </tr>\n",
       "  </thead>\n",
       "  <tbody>\n",
       "    <tr>\n",
       "      <th>1</th>\n",
       "      <td>1.000000e+00</td>\n",
       "      <td>2.106928e-06</td>\n",
       "      <td>1.781432e-06</td>\n",
       "      <td>6.274586e-07</td>\n",
       "      <td>1.507112e-09</td>\n",
       "      <td>2.649650e-07</td>\n",
       "      <td>3.094962e-06</td>\n",
       "      <td>2.773044e-08</td>\n",
       "      <td>4.122429e-09</td>\n",
       "      <td>3.454015e-07</td>\n",
       "      <td>...</td>\n",
       "      <td>6.274656e-08</td>\n",
       "      <td>1.087810e-10</td>\n",
       "      <td>5.158498e-06</td>\n",
       "      <td>3.674834e-08</td>\n",
       "      <td>1.192457e-07</td>\n",
       "      <td>2.348811e-07</td>\n",
       "      <td>5.042869e-06</td>\n",
       "      <td>1.999130e-06</td>\n",
       "      <td>3.256000e-06</td>\n",
       "      <td>4.947940e-07</td>\n",
       "    </tr>\n",
       "    <tr>\n",
       "      <th>2</th>\n",
       "      <td>2.106928e-06</td>\n",
       "      <td>1.000000e+00</td>\n",
       "      <td>3.132406e-07</td>\n",
       "      <td>3.415009e-07</td>\n",
       "      <td>8.108051e-08</td>\n",
       "      <td>2.684676e-06</td>\n",
       "      <td>5.347150e-07</td>\n",
       "      <td>1.170422e-06</td>\n",
       "      <td>1.445596e-07</td>\n",
       "      <td>1.708267e-07</td>\n",
       "      <td>...</td>\n",
       "      <td>4.738461e-08</td>\n",
       "      <td>3.082962e-09</td>\n",
       "      <td>5.152082e-07</td>\n",
       "      <td>8.735303e-07</td>\n",
       "      <td>8.040168e-09</td>\n",
       "      <td>2.357120e-08</td>\n",
       "      <td>9.076551e-07</td>\n",
       "      <td>1.740875e-07</td>\n",
       "      <td>2.140936e-07</td>\n",
       "      <td>5.769418e-09</td>\n",
       "    </tr>\n",
       "    <tr>\n",
       "      <th>3</th>\n",
       "      <td>1.781432e-06</td>\n",
       "      <td>3.132406e-07</td>\n",
       "      <td>1.000000e+00</td>\n",
       "      <td>3.150033e-05</td>\n",
       "      <td>2.340291e-09</td>\n",
       "      <td>2.227344e-08</td>\n",
       "      <td>6.370995e-05</td>\n",
       "      <td>1.391153e-08</td>\n",
       "      <td>2.116266e-09</td>\n",
       "      <td>4.635370e-06</td>\n",
       "      <td>...</td>\n",
       "      <td>4.695059e-06</td>\n",
       "      <td>1.922244e-10</td>\n",
       "      <td>4.104105e-05</td>\n",
       "      <td>3.564851e-09</td>\n",
       "      <td>3.562269e-07</td>\n",
       "      <td>2.099262e-06</td>\n",
       "      <td>2.107947e-05</td>\n",
       "      <td>3.767069e-05</td>\n",
       "      <td>7.027962e-05</td>\n",
       "      <td>2.073555e-06</td>\n",
       "    </tr>\n",
       "    <tr>\n",
       "      <th>4</th>\n",
       "      <td>6.274586e-07</td>\n",
       "      <td>3.415009e-07</td>\n",
       "      <td>3.150033e-05</td>\n",
       "      <td>1.000000e+00</td>\n",
       "      <td>9.404550e-09</td>\n",
       "      <td>1.309478e-08</td>\n",
       "      <td>2.348605e-05</td>\n",
       "      <td>2.645325e-08</td>\n",
       "      <td>6.885340e-09</td>\n",
       "      <td>1.075037e-05</td>\n",
       "      <td>...</td>\n",
       "      <td>1.955198e-05</td>\n",
       "      <td>3.097603e-10</td>\n",
       "      <td>2.810037e-06</td>\n",
       "      <td>1.263663e-08</td>\n",
       "      <td>4.092410e-07</td>\n",
       "      <td>6.142509e-07</td>\n",
       "      <td>2.346443e-05</td>\n",
       "      <td>1.082157e-05</td>\n",
       "      <td>4.040678e-05</td>\n",
       "      <td>8.354216e-08</td>\n",
       "    </tr>\n",
       "    <tr>\n",
       "      <th>5</th>\n",
       "      <td>1.507112e-09</td>\n",
       "      <td>8.108051e-08</td>\n",
       "      <td>2.340291e-09</td>\n",
       "      <td>9.404550e-09</td>\n",
       "      <td>1.000000e+00</td>\n",
       "      <td>1.076482e-08</td>\n",
       "      <td>4.389259e-09</td>\n",
       "      <td>6.078394e-07</td>\n",
       "      <td>1.414964e-05</td>\n",
       "      <td>4.757599e-09</td>\n",
       "      <td>...</td>\n",
       "      <td>8.006416e-09</td>\n",
       "      <td>1.153589e-05</td>\n",
       "      <td>2.652245e-09</td>\n",
       "      <td>3.389747e-06</td>\n",
       "      <td>1.600261e-10</td>\n",
       "      <td>1.485567e-10</td>\n",
       "      <td>2.969154e-08</td>\n",
       "      <td>5.609629e-09</td>\n",
       "      <td>3.050840e-09</td>\n",
       "      <td>4.400692e-11</td>\n",
       "    </tr>\n",
       "    <tr>\n",
       "      <th>6</th>\n",
       "      <td>2.649650e-07</td>\n",
       "      <td>2.684676e-06</td>\n",
       "      <td>2.227344e-08</td>\n",
       "      <td>1.309478e-08</td>\n",
       "      <td>1.076482e-08</td>\n",
       "      <td>1.000000e+00</td>\n",
       "      <td>5.058394e-07</td>\n",
       "      <td>3.242228e-07</td>\n",
       "      <td>4.629682e-08</td>\n",
       "      <td>5.485490e-09</td>\n",
       "      <td>...</td>\n",
       "      <td>1.133717e-08</td>\n",
       "      <td>4.382280e-10</td>\n",
       "      <td>1.202560e-06</td>\n",
       "      <td>1.556421e-08</td>\n",
       "      <td>3.815266e-08</td>\n",
       "      <td>1.471149e-07</td>\n",
       "      <td>6.077023e-07</td>\n",
       "      <td>5.810768e-08</td>\n",
       "      <td>8.796297e-08</td>\n",
       "      <td>1.231498e-07</td>\n",
       "    </tr>\n",
       "    <tr>\n",
       "      <th>7</th>\n",
       "      <td>3.094962e-06</td>\n",
       "      <td>5.347150e-07</td>\n",
       "      <td>6.370995e-05</td>\n",
       "      <td>2.348605e-05</td>\n",
       "      <td>4.389259e-09</td>\n",
       "      <td>5.058394e-07</td>\n",
       "      <td>1.000000e+00</td>\n",
       "      <td>7.528859e-09</td>\n",
       "      <td>5.861615e-09</td>\n",
       "      <td>2.805911e-06</td>\n",
       "      <td>...</td>\n",
       "      <td>2.019960e-06</td>\n",
       "      <td>3.177853e-10</td>\n",
       "      <td>3.425948e-05</td>\n",
       "      <td>5.991415e-09</td>\n",
       "      <td>1.664313e-07</td>\n",
       "      <td>1.054288e-05</td>\n",
       "      <td>1.042462e-04</td>\n",
       "      <td>1.735293e-05</td>\n",
       "      <td>4.415784e-05</td>\n",
       "      <td>9.680895e-06</td>\n",
       "    </tr>\n",
       "    <tr>\n",
       "      <th>8</th>\n",
       "      <td>2.773044e-08</td>\n",
       "      <td>1.170422e-06</td>\n",
       "      <td>1.391153e-08</td>\n",
       "      <td>2.645325e-08</td>\n",
       "      <td>6.078394e-07</td>\n",
       "      <td>3.242228e-07</td>\n",
       "      <td>7.528859e-09</td>\n",
       "      <td>1.000000e+00</td>\n",
       "      <td>2.918498e-07</td>\n",
       "      <td>5.535125e-09</td>\n",
       "      <td>...</td>\n",
       "      <td>6.871556e-09</td>\n",
       "      <td>2.683272e-08</td>\n",
       "      <td>2.589482e-08</td>\n",
       "      <td>1.163938e-06</td>\n",
       "      <td>3.229084e-10</td>\n",
       "      <td>1.463550e-09</td>\n",
       "      <td>3.809455e-08</td>\n",
       "      <td>1.463210e-08</td>\n",
       "      <td>2.019416e-08</td>\n",
       "      <td>3.434544e-10</td>\n",
       "    </tr>\n",
       "    <tr>\n",
       "      <th>9</th>\n",
       "      <td>4.122429e-09</td>\n",
       "      <td>1.445596e-07</td>\n",
       "      <td>2.116266e-09</td>\n",
       "      <td>6.885340e-09</td>\n",
       "      <td>1.414964e-05</td>\n",
       "      <td>4.629682e-08</td>\n",
       "      <td>5.861615e-09</td>\n",
       "      <td>2.918498e-07</td>\n",
       "      <td>1.000000e+00</td>\n",
       "      <td>1.294305e-09</td>\n",
       "      <td>...</td>\n",
       "      <td>5.941570e-09</td>\n",
       "      <td>1.852616e-06</td>\n",
       "      <td>6.110129e-09</td>\n",
       "      <td>1.103758e-06</td>\n",
       "      <td>9.923209e-11</td>\n",
       "      <td>1.538960e-09</td>\n",
       "      <td>1.969994e-08</td>\n",
       "      <td>4.458544e-09</td>\n",
       "      <td>4.473457e-09</td>\n",
       "      <td>1.676836e-10</td>\n",
       "    </tr>\n",
       "    <tr>\n",
       "      <th>10</th>\n",
       "      <td>3.454015e-07</td>\n",
       "      <td>1.708267e-07</td>\n",
       "      <td>4.635370e-06</td>\n",
       "      <td>1.075037e-05</td>\n",
       "      <td>4.757599e-09</td>\n",
       "      <td>5.485490e-09</td>\n",
       "      <td>2.805911e-06</td>\n",
       "      <td>5.535125e-09</td>\n",
       "      <td>1.294305e-09</td>\n",
       "      <td>1.000000e+00</td>\n",
       "      <td>...</td>\n",
       "      <td>1.984150e-06</td>\n",
       "      <td>2.724076e-10</td>\n",
       "      <td>5.444751e-07</td>\n",
       "      <td>4.138456e-09</td>\n",
       "      <td>8.084340e-08</td>\n",
       "      <td>1.906156e-08</td>\n",
       "      <td>1.203605e-05</td>\n",
       "      <td>1.041212e-05</td>\n",
       "      <td>2.303082e-06</td>\n",
       "      <td>1.489052e-08</td>\n",
       "    </tr>\n",
       "    <tr>\n",
       "      <th>11</th>\n",
       "      <td>1.964744e-07</td>\n",
       "      <td>2.817948e-06</td>\n",
       "      <td>1.405010e-08</td>\n",
       "      <td>8.068741e-09</td>\n",
       "      <td>1.502844e-07</td>\n",
       "      <td>3.971636e-07</td>\n",
       "      <td>3.781734e-08</td>\n",
       "      <td>2.863066e-06</td>\n",
       "      <td>1.067328e-07</td>\n",
       "      <td>8.405126e-09</td>\n",
       "      <td>...</td>\n",
       "      <td>4.820730e-09</td>\n",
       "      <td>1.965054e-08</td>\n",
       "      <td>1.114271e-07</td>\n",
       "      <td>3.589784e-06</td>\n",
       "      <td>8.076821e-10</td>\n",
       "      <td>8.432499e-08</td>\n",
       "      <td>3.322237e-07</td>\n",
       "      <td>2.345652e-08</td>\n",
       "      <td>1.659506e-08</td>\n",
       "      <td>5.027609e-09</td>\n",
       "    </tr>\n",
       "    <tr>\n",
       "      <th>12</th>\n",
       "      <td>2.115154e-07</td>\n",
       "      <td>4.039005e-05</td>\n",
       "      <td>3.038843e-08</td>\n",
       "      <td>4.876394e-08</td>\n",
       "      <td>3.021867e-07</td>\n",
       "      <td>1.003413e-05</td>\n",
       "      <td>5.874748e-08</td>\n",
       "      <td>7.074130e-06</td>\n",
       "      <td>2.550164e-07</td>\n",
       "      <td>1.640476e-08</td>\n",
       "      <td>...</td>\n",
       "      <td>6.488292e-09</td>\n",
       "      <td>1.381313e-08</td>\n",
       "      <td>7.415326e-08</td>\n",
       "      <td>2.184297e-06</td>\n",
       "      <td>8.126275e-09</td>\n",
       "      <td>1.002213e-09</td>\n",
       "      <td>3.691494e-07</td>\n",
       "      <td>3.179913e-08</td>\n",
       "      <td>1.829036e-08</td>\n",
       "      <td>6.944959e-10</td>\n",
       "    </tr>\n",
       "    <tr>\n",
       "      <th>13</th>\n",
       "      <td>4.431690e-06</td>\n",
       "      <td>1.717252e-04</td>\n",
       "      <td>3.316315e-07</td>\n",
       "      <td>1.391062e-07</td>\n",
       "      <td>1.219083e-07</td>\n",
       "      <td>1.780254e-05</td>\n",
       "      <td>7.400295e-07</td>\n",
       "      <td>5.000467e-06</td>\n",
       "      <td>1.695490e-07</td>\n",
       "      <td>1.511895e-07</td>\n",
       "      <td>...</td>\n",
       "      <td>6.067258e-08</td>\n",
       "      <td>8.891464e-09</td>\n",
       "      <td>8.358104e-07</td>\n",
       "      <td>2.406889e-06</td>\n",
       "      <td>1.711249e-08</td>\n",
       "      <td>1.537476e-08</td>\n",
       "      <td>1.394366e-06</td>\n",
       "      <td>3.894239e-07</td>\n",
       "      <td>3.437021e-07</td>\n",
       "      <td>2.661468e-08</td>\n",
       "    </tr>\n",
       "    <tr>\n",
       "      <th>14</th>\n",
       "      <td>7.643542e-10</td>\n",
       "      <td>2.339922e-08</td>\n",
       "      <td>8.192301e-11</td>\n",
       "      <td>2.657949e-10</td>\n",
       "      <td>4.116656e-06</td>\n",
       "      <td>8.786554e-10</td>\n",
       "      <td>2.163087e-10</td>\n",
       "      <td>7.442293e-08</td>\n",
       "      <td>1.036911e-05</td>\n",
       "      <td>1.163681e-10</td>\n",
       "      <td>...</td>\n",
       "      <td>3.204121e-10</td>\n",
       "      <td>5.350747e-06</td>\n",
       "      <td>3.642984e-10</td>\n",
       "      <td>3.204916e-05</td>\n",
       "      <td>8.821428e-12</td>\n",
       "      <td>5.065438e-11</td>\n",
       "      <td>1.397460e-09</td>\n",
       "      <td>1.926974e-10</td>\n",
       "      <td>8.752714e-11</td>\n",
       "      <td>1.164897e-11</td>\n",
       "    </tr>\n",
       "    <tr>\n",
       "      <th>15</th>\n",
       "      <td>9.557460e-08</td>\n",
       "      <td>1.024071e-06</td>\n",
       "      <td>8.491913e-09</td>\n",
       "      <td>1.190632e-08</td>\n",
       "      <td>3.323653e-07</td>\n",
       "      <td>3.073156e-07</td>\n",
       "      <td>1.348515e-08</td>\n",
       "      <td>4.701468e-06</td>\n",
       "      <td>3.318238e-07</td>\n",
       "      <td>2.709940e-09</td>\n",
       "      <td>...</td>\n",
       "      <td>2.844782e-09</td>\n",
       "      <td>2.022436e-08</td>\n",
       "      <td>5.726319e-08</td>\n",
       "      <td>5.211097e-06</td>\n",
       "      <td>3.700698e-10</td>\n",
       "      <td>8.213099e-09</td>\n",
       "      <td>8.986533e-08</td>\n",
       "      <td>2.860257e-08</td>\n",
       "      <td>2.343597e-08</td>\n",
       "      <td>1.946336e-09</td>\n",
       "    </tr>\n",
       "    <tr>\n",
       "      <th>16</th>\n",
       "      <td>3.722407e-08</td>\n",
       "      <td>1.717927e-06</td>\n",
       "      <td>4.870245e-09</td>\n",
       "      <td>2.429698e-09</td>\n",
       "      <td>1.114915e-07</td>\n",
       "      <td>1.212196e-06</td>\n",
       "      <td>6.971414e-09</td>\n",
       "      <td>3.210834e-06</td>\n",
       "      <td>9.415324e-08</td>\n",
       "      <td>2.086568e-09</td>\n",
       "      <td>...</td>\n",
       "      <td>2.231953e-09</td>\n",
       "      <td>2.612223e-09</td>\n",
       "      <td>6.051602e-08</td>\n",
       "      <td>1.195123e-06</td>\n",
       "      <td>2.333294e-09</td>\n",
       "      <td>7.654996e-10</td>\n",
       "      <td>4.821919e-08</td>\n",
       "      <td>1.642775e-08</td>\n",
       "      <td>9.417430e-09</td>\n",
       "      <td>2.060317e-09</td>\n",
       "    </tr>\n",
       "    <tr>\n",
       "      <th>17</th>\n",
       "      <td>4.872318e-06</td>\n",
       "      <td>1.480965e-06</td>\n",
       "      <td>7.417638e-05</td>\n",
       "      <td>4.458828e-05</td>\n",
       "      <td>2.158024e-08</td>\n",
       "      <td>3.743249e-07</td>\n",
       "      <td>4.184731e-05</td>\n",
       "      <td>6.473366e-08</td>\n",
       "      <td>3.237587e-08</td>\n",
       "      <td>1.973853e-05</td>\n",
       "      <td>...</td>\n",
       "      <td>2.501232e-05</td>\n",
       "      <td>2.406746e-09</td>\n",
       "      <td>1.193102e-04</td>\n",
       "      <td>8.693364e-08</td>\n",
       "      <td>2.365965e-07</td>\n",
       "      <td>2.471469e-05</td>\n",
       "      <td>1.115084e-04</td>\n",
       "      <td>1.245706e-04</td>\n",
       "      <td>5.541916e-05</td>\n",
       "      <td>4.408891e-06</td>\n",
       "    </tr>\n",
       "    <tr>\n",
       "      <th>18</th>\n",
       "      <td>6.274656e-08</td>\n",
       "      <td>4.738461e-08</td>\n",
       "      <td>4.695059e-06</td>\n",
       "      <td>1.955198e-05</td>\n",
       "      <td>8.006416e-09</td>\n",
       "      <td>1.133717e-08</td>\n",
       "      <td>2.019960e-06</td>\n",
       "      <td>6.871556e-09</td>\n",
       "      <td>5.941570e-09</td>\n",
       "      <td>1.984150e-06</td>\n",
       "      <td>...</td>\n",
       "      <td>1.000000e+00</td>\n",
       "      <td>6.095691e-10</td>\n",
       "      <td>7.314801e-06</td>\n",
       "      <td>5.950593e-09</td>\n",
       "      <td>1.526644e-07</td>\n",
       "      <td>4.747008e-07</td>\n",
       "      <td>4.797417e-06</td>\n",
       "      <td>1.593114e-05</td>\n",
       "      <td>2.701010e-06</td>\n",
       "      <td>2.302499e-07</td>\n",
       "    </tr>\n",
       "    <tr>\n",
       "      <th>19</th>\n",
       "      <td>1.087810e-10</td>\n",
       "      <td>3.082962e-09</td>\n",
       "      <td>1.922244e-10</td>\n",
       "      <td>3.097603e-10</td>\n",
       "      <td>1.153589e-05</td>\n",
       "      <td>4.382280e-10</td>\n",
       "      <td>3.177853e-10</td>\n",
       "      <td>2.683272e-08</td>\n",
       "      <td>1.852616e-06</td>\n",
       "      <td>2.724076e-10</td>\n",
       "      <td>...</td>\n",
       "      <td>6.095691e-10</td>\n",
       "      <td>1.000000e+00</td>\n",
       "      <td>4.013201e-10</td>\n",
       "      <td>2.130350e-07</td>\n",
       "      <td>5.438797e-12</td>\n",
       "      <td>2.864430e-11</td>\n",
       "      <td>2.019106e-09</td>\n",
       "      <td>6.746658e-10</td>\n",
       "      <td>9.935484e-11</td>\n",
       "      <td>7.269019e-12</td>\n",
       "    </tr>\n",
       "    <tr>\n",
       "      <th>20</th>\n",
       "      <td>5.158498e-06</td>\n",
       "      <td>5.152082e-07</td>\n",
       "      <td>4.104105e-05</td>\n",
       "      <td>2.810037e-06</td>\n",
       "      <td>2.652245e-09</td>\n",
       "      <td>1.202560e-06</td>\n",
       "      <td>3.425948e-05</td>\n",
       "      <td>2.589482e-08</td>\n",
       "      <td>6.110129e-09</td>\n",
       "      <td>5.444751e-07</td>\n",
       "      <td>...</td>\n",
       "      <td>7.314801e-06</td>\n",
       "      <td>4.013201e-10</td>\n",
       "      <td>1.000000e+00</td>\n",
       "      <td>1.029003e-08</td>\n",
       "      <td>2.150972e-06</td>\n",
       "      <td>3.689214e-05</td>\n",
       "      <td>9.168896e-05</td>\n",
       "      <td>8.044732e-05</td>\n",
       "      <td>6.129042e-05</td>\n",
       "      <td>1.627436e-04</td>\n",
       "    </tr>\n",
       "    <tr>\n",
       "      <th>21</th>\n",
       "      <td>3.674834e-08</td>\n",
       "      <td>8.735303e-07</td>\n",
       "      <td>3.564851e-09</td>\n",
       "      <td>1.263663e-08</td>\n",
       "      <td>3.389747e-06</td>\n",
       "      <td>1.556421e-08</td>\n",
       "      <td>5.991415e-09</td>\n",
       "      <td>1.163938e-06</td>\n",
       "      <td>1.103758e-06</td>\n",
       "      <td>4.138456e-09</td>\n",
       "      <td>...</td>\n",
       "      <td>5.950593e-09</td>\n",
       "      <td>2.130350e-07</td>\n",
       "      <td>1.029003e-08</td>\n",
       "      <td>1.000000e+00</td>\n",
       "      <td>1.999534e-10</td>\n",
       "      <td>1.231704e-09</td>\n",
       "      <td>6.820934e-08</td>\n",
       "      <td>1.090801e-08</td>\n",
       "      <td>8.368178e-09</td>\n",
       "      <td>2.237302e-10</td>\n",
       "    </tr>\n",
       "    <tr>\n",
       "      <th>22</th>\n",
       "      <td>1.192457e-07</td>\n",
       "      <td>8.040168e-09</td>\n",
       "      <td>3.562269e-07</td>\n",
       "      <td>4.092410e-07</td>\n",
       "      <td>1.600261e-10</td>\n",
       "      <td>3.815266e-08</td>\n",
       "      <td>1.664313e-07</td>\n",
       "      <td>3.229084e-10</td>\n",
       "      <td>9.923209e-11</td>\n",
       "      <td>8.084340e-08</td>\n",
       "      <td>...</td>\n",
       "      <td>1.526644e-07</td>\n",
       "      <td>5.438797e-12</td>\n",
       "      <td>2.150972e-06</td>\n",
       "      <td>1.999534e-10</td>\n",
       "      <td>1.000000e+00</td>\n",
       "      <td>5.307686e-09</td>\n",
       "      <td>5.160021e-07</td>\n",
       "      <td>2.564617e-07</td>\n",
       "      <td>4.417424e-07</td>\n",
       "      <td>2.503007e-07</td>\n",
       "    </tr>\n",
       "    <tr>\n",
       "      <th>23</th>\n",
       "      <td>2.348811e-07</td>\n",
       "      <td>2.357120e-08</td>\n",
       "      <td>2.099262e-06</td>\n",
       "      <td>6.142509e-07</td>\n",
       "      <td>1.485567e-10</td>\n",
       "      <td>1.471149e-07</td>\n",
       "      <td>1.054288e-05</td>\n",
       "      <td>1.463550e-09</td>\n",
       "      <td>1.538960e-09</td>\n",
       "      <td>1.906156e-08</td>\n",
       "      <td>...</td>\n",
       "      <td>4.747008e-07</td>\n",
       "      <td>2.864430e-11</td>\n",
       "      <td>3.689214e-05</td>\n",
       "      <td>1.231704e-09</td>\n",
       "      <td>5.307686e-09</td>\n",
       "      <td>1.000000e+00</td>\n",
       "      <td>1.237683e-05</td>\n",
       "      <td>3.011667e-06</td>\n",
       "      <td>7.323292e-06</td>\n",
       "      <td>4.797877e-05</td>\n",
       "    </tr>\n",
       "    <tr>\n",
       "      <th>24</th>\n",
       "      <td>5.042869e-06</td>\n",
       "      <td>9.076551e-07</td>\n",
       "      <td>2.107947e-05</td>\n",
       "      <td>2.346443e-05</td>\n",
       "      <td>2.969154e-08</td>\n",
       "      <td>6.077023e-07</td>\n",
       "      <td>1.042462e-04</td>\n",
       "      <td>3.809455e-08</td>\n",
       "      <td>1.969994e-08</td>\n",
       "      <td>1.203605e-05</td>\n",
       "      <td>...</td>\n",
       "      <td>4.797417e-06</td>\n",
       "      <td>2.019106e-09</td>\n",
       "      <td>9.168896e-05</td>\n",
       "      <td>6.820934e-08</td>\n",
       "      <td>5.160021e-07</td>\n",
       "      <td>1.237683e-05</td>\n",
       "      <td>1.000000e+00</td>\n",
       "      <td>1.568459e-04</td>\n",
       "      <td>8.052072e-05</td>\n",
       "      <td>9.656281e-06</td>\n",
       "    </tr>\n",
       "    <tr>\n",
       "      <th>25</th>\n",
       "      <td>1.999130e-06</td>\n",
       "      <td>1.740875e-07</td>\n",
       "      <td>3.767069e-05</td>\n",
       "      <td>1.082157e-05</td>\n",
       "      <td>5.609629e-09</td>\n",
       "      <td>5.810768e-08</td>\n",
       "      <td>1.735293e-05</td>\n",
       "      <td>1.463210e-08</td>\n",
       "      <td>4.458544e-09</td>\n",
       "      <td>1.041212e-05</td>\n",
       "      <td>...</td>\n",
       "      <td>1.593114e-05</td>\n",
       "      <td>6.746658e-10</td>\n",
       "      <td>8.044732e-05</td>\n",
       "      <td>1.090801e-08</td>\n",
       "      <td>2.564617e-07</td>\n",
       "      <td>3.011667e-06</td>\n",
       "      <td>1.568459e-04</td>\n",
       "      <td>1.000000e+00</td>\n",
       "      <td>2.227303e-05</td>\n",
       "      <td>5.829799e-06</td>\n",
       "    </tr>\n",
       "    <tr>\n",
       "      <th>26</th>\n",
       "      <td>3.256000e-06</td>\n",
       "      <td>2.140936e-07</td>\n",
       "      <td>7.027962e-05</td>\n",
       "      <td>4.040678e-05</td>\n",
       "      <td>3.050840e-09</td>\n",
       "      <td>8.796297e-08</td>\n",
       "      <td>4.415784e-05</td>\n",
       "      <td>2.019416e-08</td>\n",
       "      <td>4.473457e-09</td>\n",
       "      <td>2.303082e-06</td>\n",
       "      <td>...</td>\n",
       "      <td>2.701010e-06</td>\n",
       "      <td>9.935484e-11</td>\n",
       "      <td>6.129042e-05</td>\n",
       "      <td>8.368178e-09</td>\n",
       "      <td>4.417424e-07</td>\n",
       "      <td>7.323292e-06</td>\n",
       "      <td>8.052072e-05</td>\n",
       "      <td>2.227303e-05</td>\n",
       "      <td>1.000000e+00</td>\n",
       "      <td>6.791003e-06</td>\n",
       "    </tr>\n",
       "    <tr>\n",
       "      <th>27</th>\n",
       "      <td>4.947940e-07</td>\n",
       "      <td>5.769418e-09</td>\n",
       "      <td>2.073555e-06</td>\n",
       "      <td>8.354216e-08</td>\n",
       "      <td>4.400692e-11</td>\n",
       "      <td>1.231498e-07</td>\n",
       "      <td>9.680895e-06</td>\n",
       "      <td>3.434544e-10</td>\n",
       "      <td>1.676836e-10</td>\n",
       "      <td>1.489052e-08</td>\n",
       "      <td>...</td>\n",
       "      <td>2.302499e-07</td>\n",
       "      <td>7.269019e-12</td>\n",
       "      <td>1.627436e-04</td>\n",
       "      <td>2.237302e-10</td>\n",
       "      <td>2.503007e-07</td>\n",
       "      <td>4.797877e-05</td>\n",
       "      <td>9.656281e-06</td>\n",
       "      <td>5.829799e-06</td>\n",
       "      <td>6.791003e-06</td>\n",
       "      <td>1.000000e+00</td>\n",
       "    </tr>\n",
       "  </tbody>\n",
       "</table>\n",
       "<p>27 rows × 27 columns</p>\n",
       "</div>"
      ],
      "text/plain": [
       "              1             2             3             4             5   \\\n",
       "0                                                                          \n",
       "1   1.000000e+00  2.106928e-06  1.781432e-06  6.274586e-07  1.507112e-09   \n",
       "2   2.106928e-06  1.000000e+00  3.132406e-07  3.415009e-07  8.108051e-08   \n",
       "3   1.781432e-06  3.132406e-07  1.000000e+00  3.150033e-05  2.340291e-09   \n",
       "4   6.274586e-07  3.415009e-07  3.150033e-05  1.000000e+00  9.404550e-09   \n",
       "5   1.507112e-09  8.108051e-08  2.340291e-09  9.404550e-09  1.000000e+00   \n",
       "6   2.649650e-07  2.684676e-06  2.227344e-08  1.309478e-08  1.076482e-08   \n",
       "7   3.094962e-06  5.347150e-07  6.370995e-05  2.348605e-05  4.389259e-09   \n",
       "8   2.773044e-08  1.170422e-06  1.391153e-08  2.645325e-08  6.078394e-07   \n",
       "9   4.122429e-09  1.445596e-07  2.116266e-09  6.885340e-09  1.414964e-05   \n",
       "10  3.454015e-07  1.708267e-07  4.635370e-06  1.075037e-05  4.757599e-09   \n",
       "11  1.964744e-07  2.817948e-06  1.405010e-08  8.068741e-09  1.502844e-07   \n",
       "12  2.115154e-07  4.039005e-05  3.038843e-08  4.876394e-08  3.021867e-07   \n",
       "13  4.431690e-06  1.717252e-04  3.316315e-07  1.391062e-07  1.219083e-07   \n",
       "14  7.643542e-10  2.339922e-08  8.192301e-11  2.657949e-10  4.116656e-06   \n",
       "15  9.557460e-08  1.024071e-06  8.491913e-09  1.190632e-08  3.323653e-07   \n",
       "16  3.722407e-08  1.717927e-06  4.870245e-09  2.429698e-09  1.114915e-07   \n",
       "17  4.872318e-06  1.480965e-06  7.417638e-05  4.458828e-05  2.158024e-08   \n",
       "18  6.274656e-08  4.738461e-08  4.695059e-06  1.955198e-05  8.006416e-09   \n",
       "19  1.087810e-10  3.082962e-09  1.922244e-10  3.097603e-10  1.153589e-05   \n",
       "20  5.158498e-06  5.152082e-07  4.104105e-05  2.810037e-06  2.652245e-09   \n",
       "21  3.674834e-08  8.735303e-07  3.564851e-09  1.263663e-08  3.389747e-06   \n",
       "22  1.192457e-07  8.040168e-09  3.562269e-07  4.092410e-07  1.600261e-10   \n",
       "23  2.348811e-07  2.357120e-08  2.099262e-06  6.142509e-07  1.485567e-10   \n",
       "24  5.042869e-06  9.076551e-07  2.107947e-05  2.346443e-05  2.969154e-08   \n",
       "25  1.999130e-06  1.740875e-07  3.767069e-05  1.082157e-05  5.609629e-09   \n",
       "26  3.256000e-06  2.140936e-07  7.027962e-05  4.040678e-05  3.050840e-09   \n",
       "27  4.947940e-07  5.769418e-09  2.073555e-06  8.354216e-08  4.400692e-11   \n",
       "\n",
       "              6             7             8             9             10  \\\n",
       "0                                                                          \n",
       "1   2.649650e-07  3.094962e-06  2.773044e-08  4.122429e-09  3.454015e-07   \n",
       "2   2.684676e-06  5.347150e-07  1.170422e-06  1.445596e-07  1.708267e-07   \n",
       "3   2.227344e-08  6.370995e-05  1.391153e-08  2.116266e-09  4.635370e-06   \n",
       "4   1.309478e-08  2.348605e-05  2.645325e-08  6.885340e-09  1.075037e-05   \n",
       "5   1.076482e-08  4.389259e-09  6.078394e-07  1.414964e-05  4.757599e-09   \n",
       "6   1.000000e+00  5.058394e-07  3.242228e-07  4.629682e-08  5.485490e-09   \n",
       "7   5.058394e-07  1.000000e+00  7.528859e-09  5.861615e-09  2.805911e-06   \n",
       "8   3.242228e-07  7.528859e-09  1.000000e+00  2.918498e-07  5.535125e-09   \n",
       "9   4.629682e-08  5.861615e-09  2.918498e-07  1.000000e+00  1.294305e-09   \n",
       "10  5.485490e-09  2.805911e-06  5.535125e-09  1.294305e-09  1.000000e+00   \n",
       "11  3.971636e-07  3.781734e-08  2.863066e-06  1.067328e-07  8.405126e-09   \n",
       "12  1.003413e-05  5.874748e-08  7.074130e-06  2.550164e-07  1.640476e-08   \n",
       "13  1.780254e-05  7.400295e-07  5.000467e-06  1.695490e-07  1.511895e-07   \n",
       "14  8.786554e-10  2.163087e-10  7.442293e-08  1.036911e-05  1.163681e-10   \n",
       "15  3.073156e-07  1.348515e-08  4.701468e-06  3.318238e-07  2.709940e-09   \n",
       "16  1.212196e-06  6.971414e-09  3.210834e-06  9.415324e-08  2.086568e-09   \n",
       "17  3.743249e-07  4.184731e-05  6.473366e-08  3.237587e-08  1.973853e-05   \n",
       "18  1.133717e-08  2.019960e-06  6.871556e-09  5.941570e-09  1.984150e-06   \n",
       "19  4.382280e-10  3.177853e-10  2.683272e-08  1.852616e-06  2.724076e-10   \n",
       "20  1.202560e-06  3.425948e-05  2.589482e-08  6.110129e-09  5.444751e-07   \n",
       "21  1.556421e-08  5.991415e-09  1.163938e-06  1.103758e-06  4.138456e-09   \n",
       "22  3.815266e-08  1.664313e-07  3.229084e-10  9.923209e-11  8.084340e-08   \n",
       "23  1.471149e-07  1.054288e-05  1.463550e-09  1.538960e-09  1.906156e-08   \n",
       "24  6.077023e-07  1.042462e-04  3.809455e-08  1.969994e-08  1.203605e-05   \n",
       "25  5.810768e-08  1.735293e-05  1.463210e-08  4.458544e-09  1.041212e-05   \n",
       "26  8.796297e-08  4.415784e-05  2.019416e-08  4.473457e-09  2.303082e-06   \n",
       "27  1.231498e-07  9.680895e-06  3.434544e-10  1.676836e-10  1.489052e-08   \n",
       "\n",
       "        ...                 18            19            20            21  \\\n",
       "0       ...                                                                \n",
       "1       ...       6.274656e-08  1.087810e-10  5.158498e-06  3.674834e-08   \n",
       "2       ...       4.738461e-08  3.082962e-09  5.152082e-07  8.735303e-07   \n",
       "3       ...       4.695059e-06  1.922244e-10  4.104105e-05  3.564851e-09   \n",
       "4       ...       1.955198e-05  3.097603e-10  2.810037e-06  1.263663e-08   \n",
       "5       ...       8.006416e-09  1.153589e-05  2.652245e-09  3.389747e-06   \n",
       "6       ...       1.133717e-08  4.382280e-10  1.202560e-06  1.556421e-08   \n",
       "7       ...       2.019960e-06  3.177853e-10  3.425948e-05  5.991415e-09   \n",
       "8       ...       6.871556e-09  2.683272e-08  2.589482e-08  1.163938e-06   \n",
       "9       ...       5.941570e-09  1.852616e-06  6.110129e-09  1.103758e-06   \n",
       "10      ...       1.984150e-06  2.724076e-10  5.444751e-07  4.138456e-09   \n",
       "11      ...       4.820730e-09  1.965054e-08  1.114271e-07  3.589784e-06   \n",
       "12      ...       6.488292e-09  1.381313e-08  7.415326e-08  2.184297e-06   \n",
       "13      ...       6.067258e-08  8.891464e-09  8.358104e-07  2.406889e-06   \n",
       "14      ...       3.204121e-10  5.350747e-06  3.642984e-10  3.204916e-05   \n",
       "15      ...       2.844782e-09  2.022436e-08  5.726319e-08  5.211097e-06   \n",
       "16      ...       2.231953e-09  2.612223e-09  6.051602e-08  1.195123e-06   \n",
       "17      ...       2.501232e-05  2.406746e-09  1.193102e-04  8.693364e-08   \n",
       "18      ...       1.000000e+00  6.095691e-10  7.314801e-06  5.950593e-09   \n",
       "19      ...       6.095691e-10  1.000000e+00  4.013201e-10  2.130350e-07   \n",
       "20      ...       7.314801e-06  4.013201e-10  1.000000e+00  1.029003e-08   \n",
       "21      ...       5.950593e-09  2.130350e-07  1.029003e-08  1.000000e+00   \n",
       "22      ...       1.526644e-07  5.438797e-12  2.150972e-06  1.999534e-10   \n",
       "23      ...       4.747008e-07  2.864430e-11  3.689214e-05  1.231704e-09   \n",
       "24      ...       4.797417e-06  2.019106e-09  9.168896e-05  6.820934e-08   \n",
       "25      ...       1.593114e-05  6.746658e-10  8.044732e-05  1.090801e-08   \n",
       "26      ...       2.701010e-06  9.935484e-11  6.129042e-05  8.368178e-09   \n",
       "27      ...       2.302499e-07  7.269019e-12  1.627436e-04  2.237302e-10   \n",
       "\n",
       "              22            23            24            25            26  \\\n",
       "0                                                                          \n",
       "1   1.192457e-07  2.348811e-07  5.042869e-06  1.999130e-06  3.256000e-06   \n",
       "2   8.040168e-09  2.357120e-08  9.076551e-07  1.740875e-07  2.140936e-07   \n",
       "3   3.562269e-07  2.099262e-06  2.107947e-05  3.767069e-05  7.027962e-05   \n",
       "4   4.092410e-07  6.142509e-07  2.346443e-05  1.082157e-05  4.040678e-05   \n",
       "5   1.600261e-10  1.485567e-10  2.969154e-08  5.609629e-09  3.050840e-09   \n",
       "6   3.815266e-08  1.471149e-07  6.077023e-07  5.810768e-08  8.796297e-08   \n",
       "7   1.664313e-07  1.054288e-05  1.042462e-04  1.735293e-05  4.415784e-05   \n",
       "8   3.229084e-10  1.463550e-09  3.809455e-08  1.463210e-08  2.019416e-08   \n",
       "9   9.923209e-11  1.538960e-09  1.969994e-08  4.458544e-09  4.473457e-09   \n",
       "10  8.084340e-08  1.906156e-08  1.203605e-05  1.041212e-05  2.303082e-06   \n",
       "11  8.076821e-10  8.432499e-08  3.322237e-07  2.345652e-08  1.659506e-08   \n",
       "12  8.126275e-09  1.002213e-09  3.691494e-07  3.179913e-08  1.829036e-08   \n",
       "13  1.711249e-08  1.537476e-08  1.394366e-06  3.894239e-07  3.437021e-07   \n",
       "14  8.821428e-12  5.065438e-11  1.397460e-09  1.926974e-10  8.752714e-11   \n",
       "15  3.700698e-10  8.213099e-09  8.986533e-08  2.860257e-08  2.343597e-08   \n",
       "16  2.333294e-09  7.654996e-10  4.821919e-08  1.642775e-08  9.417430e-09   \n",
       "17  2.365965e-07  2.471469e-05  1.115084e-04  1.245706e-04  5.541916e-05   \n",
       "18  1.526644e-07  4.747008e-07  4.797417e-06  1.593114e-05  2.701010e-06   \n",
       "19  5.438797e-12  2.864430e-11  2.019106e-09  6.746658e-10  9.935484e-11   \n",
       "20  2.150972e-06  3.689214e-05  9.168896e-05  8.044732e-05  6.129042e-05   \n",
       "21  1.999534e-10  1.231704e-09  6.820934e-08  1.090801e-08  8.368178e-09   \n",
       "22  1.000000e+00  5.307686e-09  5.160021e-07  2.564617e-07  4.417424e-07   \n",
       "23  5.307686e-09  1.000000e+00  1.237683e-05  3.011667e-06  7.323292e-06   \n",
       "24  5.160021e-07  1.237683e-05  1.000000e+00  1.568459e-04  8.052072e-05   \n",
       "25  2.564617e-07  3.011667e-06  1.568459e-04  1.000000e+00  2.227303e-05   \n",
       "26  4.417424e-07  7.323292e-06  8.052072e-05  2.227303e-05  1.000000e+00   \n",
       "27  2.503007e-07  4.797877e-05  9.656281e-06  5.829799e-06  6.791003e-06   \n",
       "\n",
       "              27  \n",
       "0                 \n",
       "1   4.947940e-07  \n",
       "2   5.769418e-09  \n",
       "3   2.073555e-06  \n",
       "4   8.354216e-08  \n",
       "5   4.400692e-11  \n",
       "6   1.231498e-07  \n",
       "7   9.680895e-06  \n",
       "8   3.434544e-10  \n",
       "9   1.676836e-10  \n",
